0.000000000000000000e+00
0.000000000000000000e+00
0.000000000000000000e+00
0.000000000000000000e+00
0.000000000000000000e+00
1.000000000000000000e+00
4.000000000000000000e+00
4.000000000000000000e+00
4.000000000000000000e+00
5.000000000000000000e+00
8.000000000000000000e+00
1.000000000000000000e+01
1.200000000000000000e+01
1.200000000000000000e+01
1.200000000000000000e+01
1.200000000000000000e+01
1.300000000000000000e+01
1.300000000000000000e+01
1.400000000000000000e+01
1.400000000000000000e+01
1.600000000000000000e+01
1.600000000000000000e+01
1.500000000000000000e+01
1.500000000000000000e+01
1.500000000000000000e+01
1.500000000000000000e+01
1.500000000000000000e+01
4.000000000000000000e+00
4.000000000000000000e+00
4.000000000000000000e+00
2.000000000000000000e+00
2.000000000000000000e+00
2.000000000000000000e+00
2.000000000000000000e+00
3.000000000000000000e+00
1.200000000000000000e+01
3.000000000000000000e+01
3.200000000000000000e+01
6.300000000000000000e+01
1.140000000000000000e+02
1.430000000000000000e+02
1.800000000000000000e+02
2.460000000000000000e+02
4.660000000000000000e+02
6.530000000000000000e+02
7.810000000000000000e+02
1.022000000000000000e+03
1.156000000000000000e+03
1.437000000000000000e+03
1.880000000000000000e+03
2.050000000000000000e+03
3.622000000000000000e+03
4.530000000000000000e+03
5.738000000000000000e+03
7.188000000000000000e+03
9.166000000000000000e+03
1.219400000000000000e+04
1.516300000000000000e+04
1.960100000000000000e+04
2.189600000000000000e+04
2.451300000000000000e+04
2.866700000000000000e+04
2.958600000000000000e+04
3.357000000000000000e+04
3.799800000000000000e+04
4.387100000000000000e+04
4.878100000000000000e+04
5.235100000000000000e+04
5.274000000000000000e+04
5.493300000000000000e+04
5.825200000000000000e+04
6.124700000000000000e+04
6.530900000000000000e+04
6.824800000000000000e+04
6.983900000000000000e+04
7.286400000000000000e+04
6.956600000000000000e+04
6.464700000000000000e+04
6.316700000000000000e+04
6.549100000000000000e+04
6.477200000000000000e+04
6.453200000000000000e+04
6.257800000000000000e+04
5.986500000000000000e+04
5.834900000000000000e+04
