0.000000000000000000e+00 6.440658455162887597e-01
1.000000000000000000e+00 6.506273742373661628e-01
2.000000000000000000e+00 6.722689075630252642e-01
3.000000000000000000e+00 5.688576800583247106e-01
4.000000000000000000e+00 5.593799163501016469e-01
5.000000000000000000e+00 5.196654004067380317e-01
6.000000000000000000e+00 4.597290971182994013e-01
7.000000000000000000e+00 5.629100955450673238e-01
8.000000000000000000e+00 5.688960515713135102e-01
9.000000000000000000e+00 4.021718276351636812e-01
1.000000000000000000e+01 4.083880127393423320e-01
1.100000000000000000e+01 2.163385902306128039e-01
1.200000000000000000e+01 5.472545182456544088e-01
1.300000000000000000e+01 5.665937607919879770e-01
1.400000000000000000e+01 5.688960515713135102e-01
1.500000000000000000e+01 5.688960515713135102e-01
1.600000000000000000e+01 5.688960515713135102e-01
1.700000000000000000e+01 5.688960515713135102e-01
1.800000000000000000e+01 5.688960515713135102e-01
1.900000000000000000e+01 5.688960515713135102e-01
2.000000000000000000e+01 5.688960515713135102e-01
2.100000000000000000e+01 3.670618932504508547e-01
2.200000000000000000e+01 5.688960515713135102e-01
2.300000000000000000e+01 5.734238901039867553e-01
2.400000000000000000e+01 5.688960515713135102e-01
2.500000000000000000e+01 5.682821073634933828e-01
2.600000000000000000e+01 5.622577798242585079e-01
2.700000000000000000e+01 3.741222516403821530e-01
2.800000000000000000e+01 5.688960515713135102e-01
2.900000000000000000e+01 5.688960515713135102e-01
3.000000000000000000e+01 5.678983922336057200e-01
3.100000000000000000e+01 5.684739649284371588e-01
3.200000000000000000e+01 5.688960515713135102e-01
3.300000000000000000e+01 5.683588503894708710e-01
3.400000000000000000e+01 5.687041940063696233e-01
3.500000000000000000e+01 5.688960515713135102e-01
3.600000000000000000e+01 5.688960515713135102e-01
3.700000000000000000e+01 5.688960515713135102e-01
