1.000000000000000056e-01 1.000000000000000000e+00 6.661678369978127900e-01
1.000000000000000056e-01 2.000000000000000000e+00 6.743025977514293112e-01
1.000000000000000056e-01 3.000000000000000000e+00 6.948313572004144456e-01
1.000000000000000056e-01 4.000000000000000000e+00 7.073020989217604360e-01
1.000000000000000056e-01 5.000000000000000000e+00 7.086451018763669785e-01
1.000000000000000056e-01 6.000000000000000000e+00 7.136717700778941742e-01
1.000000000000000056e-01 7.000000000000000000e+00 7.083381297724569148e-01
1.000000000000000056e-01 8.000000000000000000e+00 7.140171136947930375e-01
1.000000000000000056e-01 9.000000000000000000e+00 7.125973677142090068e-01
1.000000000000000056e-01 1.000000000000000000e+01 7.139403706688154383e-01
1.000000000000000056e-01 1.100000000000000000e+01 7.156670887533095327e-01
1.000000000000000056e-01 1.200000000000000000e+01 7.101799623959172969e-01
1.000000000000000056e-01 1.300000000000000000e+01 7.106787920647711365e-01
1.000000000000000056e-01 1.400000000000000000e+01 7.117531944284563039e-01
1.000000000000000056e-01 1.500000000000000000e+01 7.087602164153332662e-01
1.000000000000000056e-01 1.600000000000000000e+01 7.092206745711983062e-01
1.000000000000000056e-01 1.700000000000000000e+01 7.115997083765013276e-01
1.000000000000000056e-01 1.800000000000000000e+01 7.043091209086373983e-01
1.000000000000000056e-01 1.900000000000000000e+01 7.058439814281877167e-01
1.000000000000000056e-01 2.000000000000000000e+01 6.997429108629753536e-01
2.000000000000000111e-01 1.000000000000000000e+00 6.660271291801769245e-01
2.000000000000000111e-01 2.000000000000000000e+00 6.761382168415801530e-01
2.000000000000000111e-01 3.000000000000000000e+00 6.939237543408607323e-01
2.000000000000000111e-01 4.000000000000000000e+00 7.040540281268586886e-01
2.000000000000000111e-01 5.000000000000000000e+00 7.043034477465897059e-01
2.000000000000000111e-01 6.000000000000000000e+00 7.115941750925730558e-01
2.000000000000000111e-01 7.000000000000000000e+00 7.088121870263425217e-01
2.000000000000000111e-01 8.000000000000000000e+00 7.137238349225839551e-01
2.000000000000000111e-01 9.000000000000000000e+00 7.124191784501449076e-01
2.000000000000000111e-01 1.000000000000000000e+01 7.105197521152701867e-01
2.000000000000000111e-01 1.100000000000000000e+01 7.081214865409335424e-01
2.000000000000000111e-01 1.200000000000000000e+01 7.072389248095777292e-01
2.000000000000000111e-01 1.300000000000000000e+01 7.099441683774294631e-01
2.000000000000000111e-01 1.400000000000000000e+01 7.069511329406573674e-01
2.000000000000000111e-01 1.500000000000000000e+01 7.061069434584907878e-01
2.000000000000000111e-01 1.600000000000000000e+01 7.054162429730819195e-01
2.000000000000000111e-01 1.700000000000000000e+01 7.035360027628019264e-01
2.000000000000000111e-01 1.800000000000000000e+01 7.028261161527983303e-01
2.000000000000000111e-01 1.900000000000000000e+01 7.009842481917077928e-01
2.000000000000000111e-01 2.000000000000000000e+01 7.001016864603518686e-01
2.999999999999999889e-01 1.000000000000000000e+00 6.647778872104475045e-01
2.999999999999999889e-01 2.000000000000000000e+00 6.725291311188140719e-01
2.999999999999999889e-01 3.000000000000000000e+00 6.904874585896829675e-01
2.999999999999999889e-01 4.000000000000000000e+00 6.979189317097505008e-01
2.999999999999999889e-01 5.000000000000000000e+00 7.051329606937747352e-01
2.999999999999999889e-01 6.000000000000000000e+00 7.069620496028446999e-01
2.999999999999999889e-01 7.000000000000000000e+00 7.079725252938693369e-01
2.999999999999999889e-01 8.000000000000000000e+00 7.091109093002135877e-01
2.999999999999999889e-01 9.000000000000000000e+00 7.084329952290198129e-01
2.999999999999999889e-01 1.000000000000000000e+01 7.101213849912383358e-01
2.999999999999999889e-01 1.100000000000000000e+01 7.053248231667540447e-01
2.999999999999999889e-01 1.200000000000000000e+01 7.066166971514817874e-01
2.999999999999999889e-01 1.300000000000000000e+01 7.054143589874777298e-01
2.999999999999999889e-01 1.400000000000000000e+01 7.041992299919417331e-01
2.999999999999999889e-01 1.500000000000000000e+01 7.006689604891214174e-01
2.999999999999999889e-01 1.600000000000000000e+01 7.018073444954656681e-01
2.999999999999999889e-01 1.700000000000000000e+01 6.986735907701360215e-01
2.999999999999999889e-01 1.800000000000000000e+01 6.961921694529361604e-01
2.999999999999999889e-01 1.900000000000000000e+01 6.922270116780291360e-01
2.999999999999999889e-01 2.000000000000000000e+01 6.940944730816950292e-01
