2.210000000000000000e+02
3.110000000000000000e+02
3.850000000000000000e+02
5.880000000000000000e+02
8.210000000000000000e+02
1.049000000000000000e+03
1.577000000000000000e+03
1.835000000000000000e+03
2.263000000000000000e+03
2.706000000000000000e+03
3.296000000000000000e+03
3.916000000000000000e+03
5.061000000000000000e+03
6.387000000000000000e+03
7.985000000000000000e+03
8.514000000000000000e+03
1.059000000000000000e+04
1.283900000000000000e+04
1.495500000000000000e+04
1.775000000000000000e+04
2.060300000000000000e+04
2.307300000000000000e+04
2.606200000000000000e+04
2.871000000000000000e+04
3.319000000000000000e+04
3.786000000000000000e+04
4.268100000000000000e+04
4.663800000000000000e+04
5.041800000000000000e+04
5.403000000000000000e+04
5.752100000000000000e+04
6.201300000000000000e+04
6.641400000000000000e+04
7.006500000000000000e+04
7.388000000000000000e+04
7.552800000000000000e+04
7.763500000000000000e+04
8.057200000000000000e+04
8.304900000000000000e+04
8.538800000000000000e+04
8.827400000000000000e+04
9.124600000000000000e+04
9.318700000000000000e+04
9.406700000000000000e+04
9.526200000000000000e+04
9.687700000000000000e+04
9.827300000000000000e+04
1.002690000000000000e+05
1.022530000000000000e+05
1.036160000000000000e+05
1.042910000000000000e+05
1.054180000000000000e+05
1.066070000000000000e+05
1.069620000000000000e+05
1.077710000000000000e+05
1.082570000000000000e+05
1.082370000000000000e+05
1.077090000000000000e+05
1.076990000000000000e+05
1.068480000000000000e+05
1.065270000000000000e+05
1.058470000000000000e+05
1.061030000000000000e+05
1.058130000000000000e+05
1.052050000000000000e+05
1.046570000000000000e+05
1.015510000000000000e+05
1.009430000000000000e+05
1.007040000000000000e+05
1.001790000000000000e+05
9.998000000000000000e+04
9.846700000000000000e+04
9.152800000000000000e+04
8.962400000000000000e+04
8.796100000000000000e+04
8.484200000000000000e+04
8.332400000000000000e+04
8.248800000000000000e+04
